2.898809144038483332e+00 7.356518296502135845e-01 1.698531673028240485e+00 1.000000000000000000e+00
2.756316141743023529e+00 7.727343699512811970e-02 1.665633096110824773e+00 1.000000000000000000e+00
2.910420700380533354e+00 7.373789418847938038e-01 1.560396521827199345e+00 1.000000000000000000e+00
2.772352723516947393e+00 6.897742630375036654e-02 1.380000612783684799e+00 1.000000000000000000e+00
2.921291129597274328e+00 7.522964234420189689e-01 1.309688049426147805e+00 1.000000000000000000e+00
2.932060599549986435e+00 7.510944893938051869e-01 1.232716637101457291e+00 1.000000000000000000e+00
2.936397922869771193e+00 7.511182255378472394e-01 1.212347453569724287e+00 1.000000000000000000e+00
2.935195036566375926e+00 7.526552170988489721e-01 1.135097670300825978e+00 1.000000000000000000e+00
2.927864416061397357e+00 7.554895114991824201e-01 1.111722748400227001e+00 1.000000000000000000e+00
2.808801867722193535e+00 6.023795641953200164e-02 1.093403185130964683e+00 1.000000000000000000e+00
2.792900651776403897e+00 7.297327108812956542e-02 1.015965478464583516e+00 1.000000000000000000e+00
2.950849313530622631e+00 8.249574090371039059e-01 9.451243108254049341e-01 1.000000000000000000e+00
2.934595794277503167e+00 7.623871317157289162e-01 9.415052337525192661e-01 1.000000000000000000e+00
2.953701081633391290e+00 7.614103629444366472e-01 8.738715612472783834e-01 1.000000000000000000e+00
2.958037153654416329e+00 7.615743771515943727e-01 8.506747025108137850e-01 1.000000000000000000e+00
2.930981265120943924e+00 7.644004011539524690e-01 8.096984458105317417e-01 1.000000000000000000e+00
2.973500226362058463e+00 1.478867536866376398e+00 7.762063355984744062e-01 1.000000000000000000e+00
2.920177070993242197e+00 1.069026341461829066e+00 7.654293031389107771e-01 1.000000000000000000e+00
2.909504640583988611e+00 9.654266844726473451e-01 7.603372273010244875e-01 1.000000000000000000e+00
2.907735180463745905e+00 1.014693158788436911e+00 7.610221266945957908e-01 1.000000000000000000e+00
2.908087149127331905e+00 9.188319219090762546e-01 7.561956603371593477e-01 1.000000000000000000e+00
2.891399470189189636e+00 8.743869680463515204e-01 7.598334436598065400e-01 1.000000000000000000e+00
2.882407475181107515e+00 8.259990505576683129e-01 7.605142954861905391e-01 1.000000000000000000e+00
2.882435520965796805e+00 7.781456813417880758e-01 7.583293396702618372e-01 1.000000000000000000e+00
2.861190219312556238e+00 7.266637912350946138e-01 7.658744644895973952e-01 1.000000000000000000e+00
2.904355501359036751e+00 1.016941208552385678e+00 7.078342335801368623e-01 1.000000000000000000e+00
2.891359445910668846e+00 9.720534764905892633e-01 7.101248253766481167e-01 1.000000000000000000e+00
2.880061591793632303e+00 9.244176298296555849e-01 7.090684168377543450e-01 1.000000000000000000e+00
2.873111451119601423e+00 8.758669085897338169e-01 7.088439186223371991e-01 1.000000000000000000e+00
2.874932966423141778e+00 8.279743172421992758e-01 7.056386878679734576e-01 1.000000000000000000e+00
2.875386470002275541e+00 7.798094065965536226e-01 7.029462509257387026e-01 1.000000000000000000e+00
2.862085818689985128e+00 7.263542450955341456e-01 7.045249541653801906e-01 1.000000000000000000e+00
2.893731850251413107e+00 1.076421443524018029e+00 6.610373217035667714e-01 1.000000000000000000e+00
2.894346017869936283e+00 1.019615827499354310e+00 6.596438861675977261e-01 1.000000000000000000e+00
2.881804031904215968e+00 9.745499540979927211e-01 6.617486270671224524e-01 1.000000000000000000e+00
2.817721186265806921e+00 8.755820639050455600e-01 6.802352671262374972e-01 1.000000000000000000e+00
2.856870881100169512e+00 7.810302165769741345e-01 6.568992181976982536e-01 1.000000000000000000e+00
2.854610870274623124e+00 7.276194167243382749e-01 6.543113223940377754e-01 1.000000000000000000e+00
2.888968106441101469e+00 6.222768057288406984e-01 6.259637721854689474e-01 1.000000000000000000e+00
2.832571851134436436e+00 5.968821321913964084e-02 5.926171820441565874e-01 1.000000000000000000e+00
2.892581454045780376e+00 1.075910363648468815e+00 6.089104830717839700e-01 1.000000000000000000e+00
2.875127748589277221e+00 1.025893455296667867e+00 6.153642993310977083e-01 1.000000000000000000e+00
2.872201399866506577e+00 9.770556809575250412e-01 6.130970621285383171e-01 1.000000000000000000e+00
2.867741169234331089e+00 9.280231495907582673e-01 6.114695694617060528e-01 1.000000000000000000e+00
2.841508268628586187e+00 5.364168949881187309e-02 5.640178770107255879e-01 1.000000000000000000e+00
2.848915247178788857e+00 7.826106872133915537e-01 6.067837093124928138e-01 1.000000000000000000e+00
2.839716660304088425e+00 7.304439264266782139e-01 6.100460759499559682e-01 1.000000000000000000e+00
2.878900890500947440e+00 1.081519545652150693e+00 5.648155217545927087e-01 1.000000000000000000e+00
2.871107075550487941e+00 1.027835340625066207e+00 5.667357486672837119e-01 1.000000000000000000e+00
2.800259748853702213e+00 8.793291552354506324e-01 5.889487719842079194e-01 1.000000000000000000e+00
2.848703741499327258e+00 8.334131031364575559e-01 5.623417550593112768e-01 1.000000000000000000e+00
2.831107311823989114e+00 7.887569737670706571e-01 5.667521364919714255e-01 1.000000000000000000e+00
2.816735351687500444e+00 6.930149106141292314e-02 4.976863183109756505e-01 1.000000000000000000e+00
2.868456294923213967e+00 1.084396427386383532e+00 5.162745350617641282e-01 1.000000000000000000e+00
2.858273461027877715e+00 1.028669451632625798e+00 5.156494198242951299e-01 1.000000000000000000e+00
2.803671123148528288e+00 9.286987983353787168e-01 5.409392627356934824e-01 1.000000000000000000e+00
2.850362422183310152e+00 8.819662514311604751e-01 5.102669696223725015e-01 1.000000000000000000e+00
2.830316847022613658e+00 8.345830588243797754e-01 5.161653086471151841e-01 1.000000000000000000e+00
2.823180062837677973e+00 7.903438798108984864e-01 5.161415097635337901e-01 1.000000000000000000e+00
2.822246020383731846e+00 7.363113906299777467e-01 5.120217189844262773e-01 1.000000000000000000e+00
2.855313109396957039e+00 1.085387236997557903e+00 4.652708054031922114e-01 1.000000000000000000e+00
2.841681750815714391e+00 1.031712162261327892e+00 4.728174957122159849e-01 1.000000000000000000e+00
2.789722708733820333e+00 9.782049357407301970e-01 4.983359389105896931e-01 1.000000000000000000e+00
2.846151921376679717e+00 9.340127596624874240e-01 4.619827917141867690e-01 1.000000000000000000e+00
2.825643246675684228e+00 8.891926414601846185e-01 4.711418858153322287e-01 1.000000000000000000e+00
2.793008936806903986e+00 8.342863229480279585e-01 4.786130826657311044e-01 1.000000000000000000e+00
2.815231132001389192e+00 7.919353932968883347e-01 4.651283222407438522e-01 1.000000000000000000e+00
2.807373325105724682e+00 7.391130299248989122e-01 4.673876607310096798e-01 1.000000000000000000e+00
2.837732088926132601e+00 1.033686449734221968e+00 4.230151653446094784e-01 1.000000000000000000e+00
2.845227780235823012e+00 4.974026192363339982e-01 3.746947955559309928e-01 1.000000000000000000e+00
2.838379602152873993e+00 1.088413435887366498e+00 4.226670038622140080e-01 1.000000000000000000e+00
2.830233777182940891e+00 9.849510647763888294e-01 4.194121602184208708e-01 1.000000000000000000e+00
2.827394041062682994e+00 9.351936420022274321e-01 4.159830579011991603e-01 1.000000000000000000e+00
2.816834941959371008e+00 8.913033395773236611e-01 4.206382583029100175e-01 1.000000000000000000e+00
2.820735360064243302e+00 8.422218674528143545e-01 4.141657226488435484e-01 1.000000000000000000e+00
2.806360047811141012e+00 7.934456370057525465e-01 4.200348932140554048e-01 1.000000000000000000e+00
2.806310053427980566e+00 7.388495196538018561e-01 4.147553103377479289e-01 1.000000000000000000e+00
2.878541443970624947e+00 1.176636600403067501e+00 3.805147022387034283e-01 1.000000000000000000e+00
2.834962537986161379e+00 1.036480138287576347e+00 3.604037597709088825e-01 1.000000000000000000e+00
2.827385325032911290e+00 9.869815229814918878e-01 3.624122254344848137e-01 1.000000000000000000e+00
2.818864886022409699e+00 9.378089643275292486e-01 3.591152793295517842e-01 1.000000000000000000e+00
2.808744038559726430e+00 8.936489011834435336e-01 3.634984159801848413e-01 1.000000000000000000e+00
2.813082677279191035e+00 8.442733194541117703e-01 3.562784234198295152e-01 1.000000000000000000e+00
2.808886835560493456e+00 7.957215171377208796e-01 3.570517243187478762e-01 1.000000000000000000e+00
2.793298044672186453e+00 7.416690297088666117e-01 3.567957520734494903e-01 1.000000000000000000e+00
2.746375282323156419e+00 1.205639365094418380e+00 3.598048135209370724e-01 1.000000000000000000e+00
2.744305181730976706e+00 1.680933771938443622e+00 3.713701171318293248e-01 1.000000000000000000e+00
2.746322819205547994e+00 2.210320189980587102e+00 3.587085655308934751e-01 1.000000000000000000e+00
2.643096213281399987e+00 1.407566159405480910e+00 3.561691356058818148e-01 1.000000000000000000e+00
2.608576493712559063e+00 9.939405100663675219e-01 3.508450571379218008e-01 1.000000000000000000e+00
2.580951375231389733e+00 1.400434960526867112e+00 3.436189388787513899e-01 1.000000000000000000e+00
2.567437648863614363e+00 1.493156435131841597e+00 3.549568834563872066e-01 1.000000000000000000e+00
2.521233996410601197e+00 1.071051840641817909e+00 3.452615176023301480e-01 1.000000000000000000e+00
2.524026498391910955e+00 1.422614003404863769e+00 3.457281211672607046e-01 1.000000000000000000e+00
2.487075119459759343e+00 1.043353340383766481e+00 3.462689599699722010e-01 1.000000000000000000e+00
2.539528963363538949e+00 1.702953418530754215e+00 3.483126788757242576e-01 1.000000000000000000e+00
2.508910775885725641e+00 1.344745642452241707e+00 3.428241840271528673e-01 1.000000000000000000e+00
2.512974820580901714e+00 1.689233711079292988e+00 3.511844129289418692e-01 1.000000000000000000e+00
2.494440514193096092e+00 1.562912228932101577e+00 3.464145506482696479e-01 1.000000000000000000e+00
2.497328086101952671e+00 1.877978909344242275e+00 3.456818400686931803e-01 1.000000000000000000e+00
2.468493144337722711e+00 1.623916287726454577e+00 3.453277426251069038e-01 1.000000000000000000e+00
2.402115857735202198e+00 1.261064366838782425e+00 3.448940905289894499e-01 1.000000000000000000e+00
2.318264671413402311e+00 1.089825260768230830e+00 3.398842685489851245e-01 1.000000000000000000e+00
