1.749130177095676197e+00 -2.409036183726392388e-01 1.976688011803937828e+00
1.793751450483832555e+00 -6.052447186148309788e-01 1.892619694618383086e+00
1.588837502767263654e+00 1.189027091977479522e-01 1.972379864052833387e+00
1.634899458920583193e+00 -1.642226740469879542e-01 1.745979031011548832e+00
1.345716194572942559e+00 7.236383091505277365e-01 2.204438756487566486e+00
1.292690035922231306e+00 8.868743669815987163e-01 2.312891764240536219e+00
1.278600587636513186e+00 9.338065116744260763e-01 2.347545454594971215e+00
1.227859966086487065e+00 1.120362272382166680e+00 2.492444095902514700e+00
1.208667851886019440e+00 1.193632498550307286e+00 2.551255511414255661e+00
1.540696251740376388e+00 1.860961631849456233e-01 1.700716951150168743e+00
1.520652161386166545e+00 2.797524873302872916e-01 1.703497511729652691e+00
9.801381858942065373e-01 2.007021487786547542e+00 3.441142114866119428e+00
1.116310943331690009e+00 1.680814993660087353e+00 3.010098284685159165e+00
1.092868297236535113e+00 1.884434779904545110e+00 3.224701198305107930e+00
1.085016119388488187e+00 1.962446969537503083e+00 3.307641649093737257e+00
1.073436408466560632e+00 2.129017361480916026e+00 3.470418875424632343e+00
4.659328948645116597e+00 -6.185188277207000596e+00 -1.041881617884962274e+01
-1.207047961625558941e+00 8.958981107053036297e+00 1.324814952745216523e+01
2.349393021859418895e-01 4.932314572827130483e+00 7.288731697622731431e+00
-2.638521549504604380e-01 6.388602810131540188e+00 9.401429745782767355e+00
5.458485953873930541e-01 4.016120633645153148e+00 5.964171443251279570e+00
7.591726387845324497e-01 3.361328235273981502e+00 5.039153334362847403e+00
9.259086014545432342e-01 2.832512887228760601e+00 4.314236179758952794e+00
1.045121514801808260e+00 2.440019726252387500e+00 3.793706535777729094e+00
1.146437437044182328e+00 2.077365576079096776e+00 3.325186737115325197e+00
-4.162222880102240397e-01 7.548016437955408442e+00 1.092935657558914464e+01
1.255599954478274494e-01 5.810148514598089342e+00 8.406765074999562160e+00
4.932385477305724630e-01 4.612002292943595094e+00 6.686520337422716231e+00
7.423236338282612756e-01 3.767207141067625997e+00 5.507379848270899991e+00
9.124352423826500580e-01 3.170051226553344925e+00 4.695277971998114808e+00
1.037673696034374204e+00 2.714355291721227470e+00 4.090360885340212249e+00
1.144299741341861854e+00 2.307858169938846515e+00 3.564793957742947494e+00
-2.379628742861259916e+00 1.536364670630006835e+01 2.200690688833302744e+01
-5.950265796337071977e-01 8.995260377650073025e+00 1.282071329365211554e+01
4.147228540021490051e-02 6.732629892356491119e+00 9.575103795607802226e+00
7.546220581853719800e-01 4.080450214363239070e+00 5.828465039896468802e+00
1.040350741191280903e+00 2.979180135571770638e+00 4.373414390032718480e+00
1.146000748687157289e+00 2.534840412401699883e+00 3.800665647587336160e+00
1.275169935979213465e+00 1.996909263544396351e+00 3.136740320819167316e+00
1.481718483353628102e+00 7.350655943857001828e-01 1.808250165839243140e+00
-3.141808300452343161e+00 2.029603878256817140e+01 2.868703706512626539e+01
-9.263080730891865011e-01 1.140773057689982117e+01 1.600355723509229833e+01
-6.061868102575694583e-02 7.954362477675670284e+00 1.112864118853221207e+01
4.158884442742705190e-01 6.009981960952129221e+00 8.413183272826406878e+00
1.482693288869057602e+00 7.603570329749073098e-01 1.818196863875898073e+00
1.044240453868653162e+00 3.306419929713277028e+00 4.735242449958216859e+00
1.150574904195839299e+00 2.778782984615699281e+00 4.052722889202104994e+00
-5.811932123624362845e+00 3.526082615249134733e+01 4.922980684266857310e+01
-1.325756048905711637e+00 1.478004903795940805e+01 2.047220941056997034e+01
7.349223751891670320e-01 5.187320774625565178e+00 7.133090124777376140e+00
9.063422563838160473e-01 4.393037837987588290e+00 6.099551541250539444e+00
1.045087905331658185e+00 3.685394534099224462e+00 5.161399393484538578e+00
1.486223654512374814e+00 8.623705170131301667e-01 1.863663793113058853e+00
-1.637432699334956254e+01 9.705652413394992095e+01 1.337579776716470406e+02
-2.085535544459471424e+00 2.158504800808610113e+01 2.945997395051007217e+01
3.897564045086027162e-01 7.853273071575485709e+00 1.060194770873025050e+01
6.989440667576380939e-01 6.319397141859534273e+00 8.578364558062261835e+00
9.242797846203718581e-01 4.971164912298964289e+00 6.763053669924544486e+00
1.062841736147627891e+00 4.147929732876010966e+00 5.683553624863295184e+00
1.178903751494514651e+00 3.435049499727157674e+00 4.768725312478301781e+00
1.846790297187724406e+01 -1.076153671214054270e+02 -1.463290871673112292e+02
-3.554607427775669404e+00 3.472516347756399568e+01 4.673648719570205401e+01
-4.243897340345415548e-01 1.448194686944112419e+01 1.926818529992973339e+01
2.595346268505031029e-01 1.042336946176148160e+01 1.391643683735300918e+01
6.760552381817772627e-01 7.539045117980228916e+00 1.004771686283476129e+01
9.678537071418648052e-01 5.613409165216595831e+00 7.479356134298626557e+00
1.091496875252328191e+00 4.716741952604239785e+00 6.330949145511259424e+00
1.204497849879303528e+00 3.823703030574174822e+00 5.187607273827708809e+00
-1.147118307212131327e+01 1.055711417570092294e+02 1.404785114186839508e+02
1.445352857919582013e+00 2.220243176749076230e+00 3.205378394084760441e+00
6.943623909320919552e+00 -3.999815133255659561e+01 -5.369573920182634197e+01
-1.178490582216434879e+00 2.450340689537648231e+01 3.233371036368203022e+01
1.963970580338723348e-01 1.347401512042825189e+01 1.770148953679186477e+01
6.844906190531249157e-01 9.225663008965950596e+00 1.209667470000410283e+01
9.635230910770883339e-01 6.899938046166841588e+00 9.063402129276605379e+00
1.129840637258110236e+00 5.345769244666535691e+00 7.049363894796760732e+00
1.246999800284428250e+00 4.300853235455165624e+00 5.722024968819610535e+00
3.182670408464180589e+00 -1.158406213262217044e+01 -1.590201561000593955e+01
8.233609472514924477e+00 -7.106259957651359116e+01 -9.332963677083081677e+01
-3.176936935203580337e+00 5.542688072971377267e+01 7.219910683481742808e+01
4.153301553091795495e-02 2.018237869527726502e+01 2.610143003501710979e+01
7.127196764720324929e-01 1.218366240049587645e+01 1.570636113057254946e+01
1.031637180962226452e+00 8.566871204859126010e+00 1.104679727756775698e+01
1.195079467667844231e+00 6.431741974973146370e+00 8.315971951770078974e+00
1.313241340891212694e+00 5.033833899663939349e+00 6.534317714813551170e+00
2.363804092726249362e+00 -7.819775136635728430e+00 -1.043805671936830137e+01
2.288100836337154664e+00 -2.826024140428635256e+00 -4.581436262511499713e+00
2.549515761639404854e+00 -1.594165963717994572e+00 -3.577225877404095034e+00
2.044474101380875819e+00 -4.016464606618624700e+00 -5.605255081818159013e+00
2.884533501942767586e+00 -4.569715738378291547e+01 -5.591578110945878421e+01
1.918127479585403972e+00 -3.868405812746385397e+00 -5.283681318223197643e+00
1.957714739291628314e+00 -3.279700924672019013e+00 -4.660401170604133725e+00
1.669403828609780760e+00 -1.104887060636892571e+01 -1.332427396665726604e+01
1.835142026129034543e+00 -3.519114104095388829e+00 -4.786035299628628614e+00
1.527269914484248980e+00 -1.284032948594371604e+01 -1.523101229395420475e+01
2.013359150956684385e+00 -2.424754369882544669e+00 -3.802693995994311127e+00
1.770710421674258850e+00 -4.030350270667014456e+00 -5.278876802325348727e+00
1.986437199755555216e+00 -2.439285584603275048e+00 -3.774682921369548971e+00
1.870344614587352350e+00 -2.786591535892536164e+00 -4.018173117286529816e+00
2.083034522300651670e+00 -1.959627102107969643e+00 -3.383709822414009860e+00
1.876863186228282077e+00 -2.541310337391946561e+00 -3.756206442730699813e+00
1.547338574600900518e+00 -4.388555987478455656e+00 -5.389744996877770866e+00
1.159971806130928540e+00 -6.921428251584877067e+00 -7.808606443884626991e+00
